467.0 325.0
486.0 327.0
508.0 330.0
531.0 334.0
558.0 337.0
586.0 340.0
619.0 345.0
656.0 350.0
744.0 350.0
823.0 350.0
899.0 349.0
968.0 349.0
1034.0 349.0
1096.0 348.0
1155.0 348.0
470.0 394.0
490.0 400.0
510.0 405.0
535.0 413.0
560.0 420.0
589.0 428.0
621.0 437.0
658.0 448.0
745.0 445.0
822.0 441.0
895.0 438.0
964.0 435.0
1029.0 432.0
1089.0 429.0
1148.0 426.0
473.0 460.0
492.0 468.0
514.0 477.0
537.0 487.0
563.0 498.0
591.0 510.0
623.0 523.0
659.0 539.0
744.0 533.0
820.0 527.0
892.0 521.0
959.0 516.0
1023.0 510.0
1083.0 505.0
1142.0 500.0
477.0 526.0
496.0 536.0
517.0 549.0
540.0 562.0
566.0 576.0
593.0 591.0
625.0 609.0
661.0 629.0
744.0 620.0
818.0 611.0
889.0 603.0
955.0 595.0
1018.0 588.0
1078.0 581.0
1135.0 573.0
480.0 588.0
499.0 601.0
520.0 615.0
543.0 632.0
568.0 649.0
596.0 668.0
626.0 689.0
661.0 712.0
744.0 702.0
816.0 690.0
887.0 680.0
951.0 670.0
1014.0 660.0
1072.0 651.0
1129.0 643.0
484.0 651.0
503.0 666.0
524.0 683.0
546.0 702.0
571.0 722.0
597.0 743.0
627.0 769.0
662.0 795.0
743.0 782.0
815.0 769.0
883.0 756.0
947.0 744.0
1010.0 732.0
1066.0 722.0
1122.0 712.0
487.0 710.0
506.0 727.0
527.0 747.0
548.0 768.0
572.0 791.0
599.0 816.0
628.0 844.0
662.0 876.0
742.0 859.0
813.0 843.0
881.0 828.0
944.0 815.0
1005.0 802.0
1061.0 789.0
1116.0 777.0